0.0
0.0
0.0
0.0
0.0
4.1
4.1
4.1
4.1
4.1
4.1
3.0
3.0
3.0
3.0
3.0
0.0
0.0
0.0
0.0
0.0
0.7
0.7
0.7
0.7
0.7
5.8
5.8
5.8
5.8
5.8
4.5
4.5
4.5
4.5
4.5
3.4
3.4
3.4
3.4
3.4
13.9
13.9
13.9
13.9
13.9
15.1
15.1
15.1
15.1
15.1
7.8
7.8
7.8
7.8
7.8
6.1
6.1
6.1
6.1
6.1
10.3
10.3
10.3
10.3
10.3
5.4
5.4
5.4
5.4
5.4
7.3
7.3
7.3
7.3
7.3
6.9
6.9
6.9
6.9
6.9
7.5
7.5
7.5
7.5
7.5
6.6
6.6
6.6
6.6
6.6
6.5
6.5
6.5
6.5
6.5
5.2
5.2
5.2
5.2
5.2
5.5
5.5
5.5
5.5
5.5
7.2
7.2
7.2
7.2
7.2
5.3
5.3
5.3
5.3
5.3
5.4
5.4
5.4
5.4
5.4
6.5
6.5
6.5
6.5
6.5
4.4
4.4
4.4
4.4
4.4
7.1
7.1
7.1
7.1
7.1
5.9
5.9
5.9
5.9
5.9
3.2
3.2
3.2
3.2
3.2
7.4
7.4
7.4
7.4
7.4
5.3
5.3
5.3
5.3
5.3
8.5
8.5
8.5
8.5
8.5
4.7
4.7
4.7
4.7
4.7
7.3
7.3
7.3
7.3
7.3
7.4
7.4
7.4
7.4
7.4
6.2
6.2
6.2
6.2
6.2
10.2
10.2
10.2
10.2
10.2
4.8
4.8
4.8
4.8
4.8
2.4
2.4
2.4
2.4
2.4
2.5
2.5
2.5
2.5
2.5
6.0
6.0
6.0
6.0
6.0
10.0
10.0
10.0
10.0
10.0
5.3
5.3
5.3
5.3
5.3
10.0
10.0
10.0
10.0
10.0
9.2
9.2
9.2
9.2
9.2
4.2
4.2
4.2
4.2
4.2
5.8
5.8
5.8
5.8
5.8
4.8
4.8
4.8
4.8
4.8
5.0
5.0
5.0
5.0
5.0
7.1
7.1
7.1
7.1
7.1
4.3
4.3
4.3
4.3
4.3
5.3
5.3
5.3
5.3
5.3
6.1
6.1
6.1
6.1
6.1
6.0
6.0
6.0
6.0
6.0
7.5
7.5
7.5
7.5
7.5
5.4
5.4
5.4
5.4
5.4
6.4
6.4
6.4
6.4
6.4
3.2
3.2
3.2
3.2
3.2
7.1
7.1
7.1
7.1
7.1
2.8
2.8
2.8
2.8
2.8
5.6
5.6
5.6
5.6
5.6
6.8
6.8
6.8
6.8
6.8
3.8
3.8
3.8
3.8
3.8
4.8
4.8
4.8
4.8
4.8
5.0
5.0
5.0
5.0
5.0
7.4
7.4
7.4
7.4
7.4
6.3
6.3
6.3
6.3
6.3
4.0
4.0
4.0
4.0
4.0
6.0
6.0
6.0
6.0
6.0
4.2
4.2
4.2
4.2
4.2
3.9
3.9
3.9
3.9
3.9
5.4
5.4
5.4
5.4
5.4
7.2
7.2
7.2
7.2
7.2
5.3
5.3
5.3
5.3
5.3
5.0
5.0
5.0
5.0
5.0
6.1
6.1
6.1
6.1
6.1
6.1
6.1
6.1
6.1
6.1
4.2
4.2
4.2
4.2
4.2
2.8
2.8
2.8
2.8
2.8
5.4
5.4
5.4
5.4
5.4
8.2
8.2
8.2
8.2
8.2
8.2
3.8
3.8
3.8
3.8
3.8
10.3
10.3
10.3
10.3
10.3
4.7
4.7
4.7
4.7
4.7
10.9
10.9
10.9
10.9
10.9
6.4
6.4
6.4
6.4
6.4
5.2
5.2
5.2
5.2
5.2
6.5
6.5
6.5
6.5
6.5
3.7
3.7
3.7
3.7
3.7
2.9
2.9
2.9
2.9
2.9
0.9
0.9
0.9
0.9
0.9
2.7
2.7
2.7
2.7
2.7
0.0
0.0
0.0
0.0
0.0
0.0
0.0
0.0
0.0
0.0
0.0
5.1
5.1
5.1
5.1
5.1
2.1
2.1
2.1
2.1
