2631
2631
309
362
198
175
235
204
162
231
216
168
186
200
162
238
161
216
203
256
194
176
218
177
199
205
220
181
199
215
215
216
218
222
198
162
168
171
193
172
193
207
276
157
194
237
172
194
200
154
240
172
165
171
175
160
165
160
189
221
173
171
175
164
250
186
174
195
162
158
178
167
177
242
213
180
177
172
213
157
178
183
218
222
176
167
174
189
229
211
198
197
225
178
185
170
247
183
156
178
189
211
153
164
194
223
186
190
169
172
198
177
258
197
218
185
213
200
171
195
162
158
161
150
168
181
242
148
194
165
164
181
170
154
182
159
170
165
199
168
164
206
182
193
236
199
160
208
173
184
168
237
196
164
205
258
182
159
172
134
167
244
198
174
156
139
196
163
179
276
157
179
190
178
163
247
165
158
190
147
174
248
184
171
207
158
145
165
165
194
200
233
176
170
217
183
176
156
174
160
179
182
232
157
154
219
252
168
169
219
204
201
194
235
224
187
156
227
172
171
353
159
157
211
183
239
154
161
172
171
156
177
169
142
175
146
153
216
260
141
159
186
232
206
227
150
200
179
153
220
159
158
178
178
381
183
203
200
161
151
144
153
220
220
192
162
179
280
310
210
148
142
243
221
161
151
142
172
204
179
227
223
152
133
148
183
184
214
232
204
197
168
221
176
171
343
148
155
152
176
185
254
181
209
222
188
145
157
178
162
159
200
228
188
193
171
181
152
194
233
504
213
150
148
185
197
185
161
193
153
369
150
149
231
200
155
151
208
157
237
203
192
166
201
149
154
186
280
163
179
178
159
181
189
195
195
215
218
156
198
190
192
181
183
148
160
210
198
185
138
157
178
159
138
217
227
239
176
201
255
182
156
182
187
195
183
196
145
150
195
181
208
247
191
175
173
207
167
220
307
