2629
338
175
206
216
289
235
265
191
151
189
226
239
183
188
189
188
170
294
259
178
193
172
170
159
194
194
176
214
164
188
224
174
163
160
230
238
207
195
177
198
261
177
188
193
148
162
194
188
147
201
225
171
161
183
204
254
169
170
206
143
327
230
172
241
187
183
250
293
186
168
181
213
152
171
160
171
222
197
147
298
189
164
237
168
225
221
223
212
162
159
182
173
255
217
203
202
193
207
142
178
229
211
206
248
299
184
169
209
149
212
170
187
238
257
173
181
171
207
145
167
186
169
150
247
260
182
178
174
181
169
241
163
236
165
182
157
195
222
427
202
145
204
178
188
171
146
196
229
224
176
160
149
248
180
176
142
243
197
195
175
137
200
276
183
143
156
143
152
139
209
188
176
222
209
262
174
196
197
233
219
137
174
204
180
241
227
172
142
331
154
198
293
315
168
151
159
201
201
180
165
193
165
180
174
185
195
217
200
180
163
189
188
272
176
171
199
164
173
155
260
183
243
203
182
216
295
159
186
221
150
235
261
221
209
169
171
147
201
150
190
156
265
230
153
254
252
238
148
163
167
158
175
157
352
149
160
177
209
158
172
265
234
214
151
249
147
152
175
177
163
190
138
153
152
293
176
171
200
211
191
204
261
166
180
245
177
198
210
192
166
232
207
178
208
184
207
170
192
213
159
148
299
172
167
225
168
158
187
223
220
182
157
233
208
228
177
178
256
201
150
199
330
222
153
176
224
237
179
218
165
262
241
164
149
171
150
149
226
252
176
219
198
141
204
146
180
228
214
292
201
178
133
142
213
170
175
187
166
175
189
212
258
202
230
217
164
160
216
184
247
193
193
179
235
158
167
198
239
182
142
287
168
207
144
167
146
189
142
158
206
200
251
180
150
200
213
145
148
152
