2699
284
278
181
188
197
253
199
287
151
253
176
163
211
200
196
192
159
243
160
173
200
198
165
177
223
176
201
169
250
349
233
250
319
158
158
156
161
175
176
188
195
185
191
204
191
202
160
243
171
199
147
153
298
179
218
162
202
177
233
161
162
189
179
210
152
154
203
168
165
165
230
203
151
258
217
173
177
186
186
205
208
290
166
181
203
227
158
188
276
162
152
282
301
163
208
261
188
180
152
149
145
150
203
250
163
236
141
170
227
208
168
236
133
153
188
200
160
298
139
154
223
159
212
184
150
248
223
159
248
210
223
140
157
209
239
227
303
143
339
226
186
198
210
226
214
178
151
152
197
150
148
150
172
164
156
159
266
143
147
151
146
153
251
224
171
179
235
305
384
206
322
146
144
215
186
220
165
195
197
160
150
139
186
157
199
193
200
204
256
167
245
223
197
145
256
158
243
188
229
303
255
222
155
210
159
176
220
196
155
173
163
242
211
226
205
165
285
212
264
146
187
167
182
196
146
201
178
170
182
180
199
200
148
337
217
180
191
153
157
158
175
152
173
179
202
165
229
284
184
171
146
147
153
208
199
191
170
142
156
226
220
150
197
180
166
183
159
152
191
144
143
201
138
156
156
194
180
162
194
158
232
190
215
161
248
184
163
143
210
224
169
300
185
178
165
159
191
170
208
179
272
235
191
170
146
151
213
203
154
169
236
161
202
156
292
183
173
143
169
183
184
160
167
169
196
240
142
181
183
179
137
181
176
170
193
226
150
170
247
153
198
182
154
228
247
154
165
160
218
228
151
239
176
196
158
203
174
173
181
205
190
191
201
175
168
176
197
147
205
190
157
206
181
161
148
234
226
297
214
165
253
217
192
210
244
179
205
229
178
243
191
190
176
203
157
153
214
154
179
