2940
339
198
256
199
199
309
201
151
188
199
176
177
202
262
219
237
205
241
168
176
193
203
274
234
146
222
198
199
216
288
241
186
157
197
226
249
197
177
229
211
233
184
213
174
179
195
173
150
147
246
229
162
165
145
202
167
205
260
152
180
189
230
221
171
161
170
158
224
187
153
199
174
167
210
214
176
188
167
158
168
199
145
195
178
177
145
194
156
238
200
247
188
263
165
239
197
311
184
172
277
274
180
187
157
192
163
172
196
349
241
222
202
169
174
233
243
145
169
203
143
249
155
177
145
170
157
249
156
157
197
166
187
174
203
141
177
157
145
151
394
165
209
255
227
159
198
199
145
208
291
148
151
224
162
289
209
204
186
202
166
163
159
167
136
234
167
192
236
158
158
406
146
249
234
177
228
211
167
248
183
164
194
242
163
201
177
233
240
176
149
178
199
141
161
175
210
233
247
169
150
217
251
259
198
145
162
210
195
131
216
186
173
160
189
155
232
160
180
233
191
169
138
174
192
174
228
136
157
180
187
291
223
189
156
225
256
231
150
177
196
196
207
277
179
198
186
201
228
171
166
240
147
148
220
184
188
199
179
191
203
187
189
198
202
218
219
173
145
183
170
180
169
198
179
194
235
178
205
176
150
177
199
370
173
183
186
201
154
141
135
145
192
177
189
231
207
169
183
167
176
193
167
232
231
280
173
191
195
151
170
183
164
203
150
159
232
173
214
153
150
243
233
265
164
156
158
184
180
170
204
206
190
154
154
194
176
168
200
229
224
203
163
160
188
220
166
144
162
237
175
163
154
164
156
253
238
220
152
175
169
153
174
231
168
241
195
194
175
184
169
185
160
183
155
155
180
197
169
165
178
200
188
236
147
148
176
140
253
157
158
151
273
199
205
197
171
172
159
190
