2563
320
186
197
246
174
227
185
166
227
162
241
200
254
236
208
193
161
204
204
201
176
164
192
175
174
184
150
188
158
209
141
192
158
171
218
262
207
224
224
223
209
208
199
240
296
203
189
176
186
162
184
190
187
218
342
252
345
177
150
160
189
160
168
203
171
218
151
228
150
169
188
313
154
177
204
186
198
182
169
212
214
180
177
160
213
174
196
166
172
272
192
160
293
187
173
210
205
188
204
204
161
219
150
152
171
194
209
199
203
189
201
205
193
248
204
206
159
156
223
187
204
186
202
179
179
144
270
188
193
165
239
145
148
170
190
215
191
145
200
210
150
185
151
237
163
234
187
164
183
233
212
179
196
243
154
150
225
166
185
219
399
168
221
180
258
188
226
153
155
183
156
152
179
201
178
259
251
235
193
218
191
159
192
216
162
147
232
203
185
209
241
160
227
144
196
199
180
246
190
238
237
140
162
157
207
192
182
158
213
246
220
235
168
216
151
172
192
165
168
279
210
195
229
172
177
174
166
154
223
247
204
207
180
163
185
172
169
230
157
178
159
221
218
209
201
194
204
237
185
374
216
185
274
181
329
211
154
218
155
139
153
224
138
150
156
294
157
167
159
189
201
218
186
191
245
186
204
199
208
150
188
184
147
162
249
161
195
148
154
195
249
190
184
155
188
205
146
230
180
185
136
170
179
174
150
185
179
159
195
185
172
157
143
165
184
298
195
196
155
217
166
245
162
176
187
160
169
161
237
149
170
149
163
236
215
162
258
213
142
146
184
143
156
213
189
181
247
151
197
186
247
184
202
194
227
226
177
139
165
149
185
299
211
231
220
233
197
200
220
233
163
199
174
253
227
250
167
224
179
213
206
174
144
166
172
170
265
219
178
254
171
181
173
166
148
161
169
218
170
