2559
331
185
216
239
189
213
180
193
248
272
174
223
200
234
162
287
355
186
245
250
149
261
179
155
186
199
171
148
161
194
183
154
210
170
272
193
155
181
204
165
236
161
153
238
188
155
163
219
206
186
161
269
217
209
201
207
178
184
184
152
319
221
188
187
242
181
221
142
246
181
157
148
155
184
151
184
167
186
304
312
154
229
177
173
164
203
177
220
150
199
194
143
203
159
177
189
172
182
228
268
201
197
233
208
289
199
196
201
229
235
183
212
152
141
171
178
165
142
203
198
180
161
178
199
174
196
156
146
137
172
195
141
283
189
163
192
242
188
154
206
148
188
179
171
272
208
208
174
192
197
214
173
185
155
168
145
270
151
206
227
184
158
172
197
129
214
187
151
214
145
237
208
200
203
151
162
173
283
158
153
178
193
205
146
156
166
212
223
190
196
151
179
223
204
210
205
226
196
180
194
158
156
179
191
180
150
259
218
163
195
159
146
295
183
165
243
179
163
163
182
151
201
189
156
160
241
207
150
200
174
238
201
222
173
151
174
180
338
143
159
198
147
199
169
155
156
189
252
170
198
227
159
156
292
202
210
185
168
192
172
204
157
175
179
224
194
318
185
200
175
173
198
204
236
198
203
166
155
170
177
145
145
158
147
161
188
208
168
163
162
181
164
159
348
199
160
182
169
177
189
167
145
151
179
145
228
141
188
185
207
242
247
232
179
181
164
143
200
141
211
180
165
214
181
150
179
170
172
197
258
253
274
168
226
203
157
143
163
284
193
158
214
191
182
206
174
149
169
187
220
150
150
263
148
171
170
144
143
203
376
308
306
174
231
193
148
252
154
146
216
168
184
260
188
162
147
204
282
200
188
157
186
221
256
244
281
157
144
169
184
193
196
165
176
154
154
209
140
195
