2485
314
241
193
183
202
356
277
190
165
161
226
163
204
221
475
216
165
161
261
207
167
160
179
188
249
162
221
151
195
140
229
178
158
173
215
216
211
171
181
234
185
195
144
182
137
195
276
152
156
242
168
143
158
237
191
197
158
186
178
202
266
181
159
162
152
181
272
219
157
201
202
206
155
202
225
172
142
153
151
143
210
159
220
181
168
144
183
173
191
155
183
195
164
157
171
214
161
165
174
174
326
202
151
183
191
235
170
275
259
181
169
160
138
190
158
168
198
229
151
194
165
201
180
145
230
150
152
215
149
151
269
307
168
149
145
163
298
185
368
181
146
171
169
213
195
253
245
202
140
207
176
168
188
176
176
193
181
165
209
143
189
174
220
214
149
236
311
165
348
249
139
151
191
155
208
186
184
143
179
180
149
199
162
274
191
204
168
233
169
176
142
205
207
166
221
156
189
160
180
178
154
205
209
321
165
153
188
215
189
201
206
184
158
157
275
175
140
185
166
148
156
181
295
140
243
166
200
215
153
172
166
184
177
240
178
196
171
180
168
227
163
135
237
238
274
209
243
266
167
172
195
169
182
167
237
211
240
206
203
139
283
183
157
147
153
148
291
205
149
214
164
205
177
164
184
166
155
140
144
185
144
179
200
163
178
153
217
225
154
273
449
159
148
215
196
169
141
149
155
267
149
164
181
151
165
185
225
162
143
149
199
214
157
219
154
229
179
160
159
187
187
153
143
152
179
159
160
181
245
184
173
167
136
165
184
194
161
183
187
164
158
209
197
161
234
183
150
239
313
166
144
167
180
231
197
214
188
273
155
151
174
199
171
307
237
214
207
175
258
221
208
164
138
191
176
212
224
206
168
194
194
156
186
225
176
215
170
176
188
167
174
238
144
168
145
146
210
179
256
