2717
229
227
229
184
204
273
207
222
198
189
176
185
174
204
202
256
258
174
269
275
227
158
202
239
194
171
269
218
260
215
243
230
185
184
206
166
149
184
220
239
155
218
151
195
178
150
226
157
248
234
186
207
240
164
204
169
306
170
255
177
198
258
216
226
315
165
270
207
222
196
186
212
332
228
276
193
212
176
224
269
226
209
190
159
195
174
232
153
168
227
174
304
183
177
199
164
223
157
186
255
173
187
218
144
160
168
263
190
161
231
212
235
165
167
213
160
178
254
169
177
201
213
209
141
200
148
140
156
201
238
151
254
155
207
148
224
169
217
139
204
181
176
158
147
151
198
161
162
169
178
311
136
153
162
198
189
195
159
198
177
174
174
155
196
267
215
154
216
221
174
155
150
151
155
185
206
194
210
173
157
285
187
144
233
211
183
157
205
154
143
201
263
203
173
181
192
163
162
179
142
195
149
146
198
271
201
150
194
143
173
208
176
206
169
193
165
158
175
197
196
175
163
168
208
160
197
154
214
186
168
173
147
321
183
157
201
158
150
198
242
157
196
186
192
162
165
220
203
161
199
220
200
174
234
256
187
411
287
248
218
194
255
195
204
183
249
172
262
156
168
241
154
192
168
137
147
205
221
199
243
199
144
150
204
203
228
225
247
161
195
173
168
189
217
220
246
160
155
199
137
148
153
160
178
176
215
172
168
182
219
162
240
205
167
212
169
185
193
201
192
173
188
208
173
360
171
268
269
192
137
166
172
166
157
202
240
201
156
236
204
159
185
150
232
194
167
269
151
163
202
199
157
151
184
203
135
161
187
154
157
158
158
159
162
188
216
172
172
154
254
282
162
163
166
180
202
213
211
176
167
241
173
322
216
172
242
203
220
195
190
192
205
158
238
160
187
168
193
171
