2578
330
205
191
187
198
209
177
168
181
211
288
147
201
241
205
225
266
636
207
175
244
297
166
259
165
219
196
227
173
187
173
154
168
209
220
174
228
173
240
254
195
216
162
222
157
162
231
143
161
157
261
211
170
216
141
161
155
140
172
175
153
142
230
201
168
200
166
171
297
165
239
189
165
176
155
188
211
184
195
175
169
320
143
188
171
198
144
147
193
162
154
194
194
171
164
183
241
265
145
205
136
164
186
147
185
255
166
171
164
228
156
222
182
318
153
223
142
223
260
163
139
261
231
186
163
147
167
271
192
226
153
181
158
156
177
167
156
160
188
162
176
197
289
162
160
145
230
220
148
145
209
153
159
205
185
161
138
160
181
196
195
162
153
235
147
163
167
254
205
192
318
176
156
176
226
166
201
141
257
178
167
181
208
169
167
137
241
182
239
216
179
193
168
174
143
137
206
147
159
231
142
149
150
160
186
230
175
140
169
152
219
181
158
198
189
149
150
138
194
160
157
158
159
188
171
184
198
214
223
153
159
201
179
211
145
148
154
157
189
180
211
165
158
214
195
177
321
226
193
166
246
207
199
151
229
175
191
254
315
187
193
142
191
189
153
189
256
208
144
193
165
242
229
161
162
235
165
159
194
182
175
161
144
166
173
265
245
208
194
148
195
168
170
193
153
162
256
173
201
206
171
182
156
141
142
152
173
199
156
159
172
240
165
150
156
151
177
162
158
229
250
171
171
141
154
175
174
169
179
262
217
183
172
253
163
174
173
181
147
265
206
147
165
180
241
153
196
159
212
169
187
153
165
173
135
176
162
276
248
201
166
145
169
170
156
154
171
155
225
133
190
233
201
177
174
177
186
171
161
184
239
152
168
189
196
229
169
153
204
156
156
186
181
158
251
143
175
140
218
