2399
282
198
217
214
195
194
157
198
166
197
185
225
185
181
265
162
153
165
181
211
203
183
152
234
203
187
221
162
177
216
153
313
472
150
151
191
208
185
200
185
206
203
196
259
173
150
170
191
169
213
152
161
190
248
158
153
185
194
159
207
257
323
170
304
151
170
207
210
171
181
303
146
159
179
150
211
139
143
231
198
191
137
162
206
148
198
183
212
206
156
159
237
195
205
194
162
138
157
242
134
168
170
152
204
206
193
165
156
230
190
208
210
139
259
199
165
177
293
289
205
228
267
364
298
350
191
392
155
200
212
172
156
168
159
205
197
152
207
167
236
155
163
168
164
173
162
263
160
153
205
202
166
297
212
208
184
183
155
153
226
204
160
146
142
176
156
171
185
142
202
149
172
166
153
239
188
166
203
200
278
145
273
200
164
167
189
151
203
209
186
200
222
165
148
150
233
176
139
176
213
146
181
158
164
208
186
152
182
163
164
178
145
150
169
221
148
201
159
211
176
287
148
215
164
189
172
162
243
148
348
296
230
180
156
167
155
196
203
167
190
208
204
172
194
161
158
182
144
151
202
155
170
210
164
162
151
136
293
249
192
167
184
168
204
197
160
307
169
158
198
175
215
393
214
292
195
229
263
187
212
282
217
202
160
233
266
193
211
183
170
172
172
187
208
202
149
174
216
149
230
163
240
184
175
188
213
189
212
185
154
148
201
154
199
143
172
163
192
152
178
265
293
308
283
225
179
197
153
141
169
148
149
143
160
151
218
161
164
198
189
149
177
270
160
146
168
182
228
164
163
188
167
171
178
354
148
195
149
169
238
199
254
209
192
168
182
148
156
199
172
180
196
195
165
165
141
146
164
224
161
143
250
207
151
239
136
143
197
191
169
206
184
206
278
233
147
206
224
195
