2541
2563
275
396
165
289
180
248
169
171
144
143
195
153
178
177
184
204
160
226
206
268
171
210
205
248
154
266
194
195
221
156
180
167
247
188
156
188
189
194
174
161
174
244
481
229
276
153
249
181
144
193
356
150
205
199
187
192
176
184
202
238
248
283
250
199
301
201
250
253
214
226
183
176
186
204
176
220
263
226
243
157
188
205
166
192
285
178
209
203
205
256
256
170
200
173
186
181
308
223
263
241
228
250
250
172
204
221
264
230
197
207
204
232
368
158
175
229
204
219
181
234
263
147
172
152
184
199
206
247
190
201
220
214
224
154
235
182
216
222
180
191
168
204
258
170
156
235
174
251
153
308
143
236
194
189
210
206
201
198
178
235
222
329
383
174
241
248
253
161
193
144
206
159
211
188
282
159
193
165
239
291
206
218
139
143
175
154
160
199
214
172
168
209
171
180
170
179
177
219
150
181
658
550
162
198
167
176
162
165
180
202
167
222
177
178
227
181
154
175
153
218
725
301
328
294
153
163
191
194
220
148
200
173
176
232
192
175
179
168
196
254
193
219
186
204
163
214
182
176
194
253
221
156
185
159
243
177
217
185
178
203
155
208
174
383
411
331
237
205
281
155
214
180
271
224
226
162
171
220
196
201
339
274
263
195
179
186
213
195
175
194
240
231
184
186
263
278
173
159
203
214
195
253
337
254
246
214
194
188
215
247
198
210
288
432
198
162
204
161
239
150
334
300
188
258
191
344
317
291
231
291
207
174
194
227
190
227
199
203
259
178
275
204
206
211
232
283
196
200
210
248
208
177
214
206
164
182
211
151
158
214
178
351
166
251
178
162
328
169
275
196
191
201
149
150
291
222
171
179
172
178
241
298
199
188
157
155
180
173
239
179
300
155
237
181
166
218
165
250
