2697
182
198
208
242
181
186
204
190
248
190
213
165
180
219
154
216
151
180
180
168
183
352
257
170
238
178
175
245
196
229
145
192
218
197
214
269
160
236
165
153
147
190
211
182
176
174
191
207
156
188
196
205
183
162
239
188
175
194
161
239
157
172
171
150
161
230
138
235
195
171
150
177
199
165
157
147
148
257
183
208
270
186
187
153
185
155
177
168
227
245
165
202
156
164
202
218
206
224
209
162
229
184
173
147
227
170
273
214
158
288
213
237
233
167
189
226
220
208
159
150
172
254
162
181
222
175
195
205
162
242
147
154
209
175
145
214
202
238
173
226
183
240
218
152
206
140
251
196
140
254
338
168
186
213
230
216
230
180
187
183
206
154
283
198
245
164
207
252
180
180
177
190
215
152
241
151
257
187
146
167
172
159
189
248
173
154
158
152
157
204
204
210
181
163
180
217
177
163
376
172
176
168
230
192
272
159
148
264
187
221
153
197
170
169
152
236
183
216
141
175
233
199
149
342
164
240
154
195
316
231
148
194
180
154
251
184
315
182
167
174
198
147
201
153
195
220
223
183
193
171
260
164
394
269
253
182
160
292
248
150
231
274
193
183
162
172
165
158
164
204
146
224
147
157
212
185
177
154
203
216
205
205
160
151
143
162
301
140
193
240
191
240
218
216
200
218
160
179
166
173
148
172
158
343
147
177
236
231
163
272
206
171
267
154
172
142
149
157
192
185
162
217
170
172
176
142
165
144
180
211
162
266
169
192
261
287
182
146
156
154
173
252
245
237
176
137
233
153
163
217
215
188
139
182
186
168
172
146
256
320
141
186
213
198
256
175
206
154
238
184
155
274
202
296
191
192
233
206
150
167
181
202
178
192
198
235
197
148
180
166
166
140
235
169
138
168
161
255
229
