0.0
0.0
0.0
0.0
0.0
5.1
5.1
5.1
5.1
5.1
6.4
6.4
6.4
6.4
6.4
0.0
0.0
0.0
0.0
0.0
0.2
0.2
0.2
0.2
0.2
0.2
0.2
0.2
0.2
0.2
1.4
1.4
1.4
1.4
1.4
1.4
1.5
1.5
1.5
1.5
1.5
5.0
5.0
5.0
5.0
5.0
13.2
13.2
13.2
13.2
13.2
15.1
15.1
15.1
15.1
15.1
3.9
3.9
3.9
3.9
3.9
4.6
4.6
4.6
4.6
4.6
7.6
7.6
7.6
7.6
7.6
9.0
9.0
9.0
9.0
9.0
8.0
8.0
8.0
8.0
8.0
3.5
3.5
3.5
3.5
3.5
6.6
6.6
6.6
6.6
6.6
7.4
7.4
7.4
7.4
7.4
5.4
5.4
5.4
5.4
5.4
8.8
8.8
8.8
8.8
8.8
3.2
3.2
3.2
3.2
3.2
7.2
7.2
7.2
7.2
7.2
5.0
5.0
5.0
5.0
5.0
6.2
6.2
6.2
6.2
6.2
6.6
6.6
6.6
6.6
6.6
6.4
6.4
6.4
6.4
6.4
3.3
3.3
3.3
3.3
3.3
5.8
5.8
5.8
5.8
5.8
7.0
7.0
7.0
7.0
7.0
5.8
5.8
5.8
5.8
5.8
5.7
5.7
5.7
5.7
5.7
7.6
7.6
7.6
7.6
7.6
12.6
12.6
12.6
12.6
12.6
16.8
16.8
16.8
16.8
16.8
19.5
19.5
19.5
19.5
19.5
16.0
16.0
16.0
16.0
16.0
11.7
11.7
11.7
11.7
11.7
11.7
6.0
6.0
6.0
6.0
6.0
6.1
6.1
6.1
6.1
6.1
5.7
5.7
5.7
5.7
5.7
7.7
7.7
7.7
7.7
7.7
5.4
5.4
5.4
5.4
5.4
7.6
7.6
7.6
7.6
7.6
5.0
5.0
5.0
5.0
5.0
4.7
4.7
4.7
4.7
4.7
5.1
5.1
5.1
5.1
5.1
7.6
7.6
7.6
7.6
7.6
6.1
6.1
6.1
6.1
6.1
6.6
6.6
6.6
6.6
6.6
5.2
5.2
5.2
5.2
5.2
5.3
5.3
5.3
5.3
5.3
3.9
3.9
3.9
3.9
3.9
9.2
9.2
9.2
9.2
9.2
6.7
6.7
6.7
6.7
6.7
7.6
7.6
7.6
7.6
7.6
5.7
5.7
5.7
5.7
5.7
8.1
8.1
8.1
8.1
8.1
4.9
4.9
4.9
4.9
4.9
8.8
8.8
8.8
8.8
8.8
4.8
4.8
4.8
4.8
4.8
5.7
5.7
5.7
5.7
5.7
8.0
8.0
8.0
8.0
8.0
5.8
5.8
5.8
5.8
5.8
6.2
6.2
6.2
6.2
6.2
4.6
4.6
4.6
4.6
4.6
7.9
7.9
7.9
7.9
7.9
5.3
5.3
5.3
5.3
5.3
6.0
6.0
6.0
6.0
6.0
5.6
5.6
5.6
5.6
5.6
6.2
6.2
6.2
6.2
6.2
5.2
5.2
5.2
5.2
5.2
4.1
4.1
4.1
4.1
4.1
5.0
5.0
5.0
5.0
5.0
8.8
8.8
8.8
8.8
8.8
7.9
7.9
7.9
7.9
7.9
11.2
11.2
11.2
11.2
11.2
5.1
5.1
5.1
5.1
5.1
7.0
7.0
7.0
7.0
7.0
7.4
7.4
7.4
7.4
7.4
3.9
3.9
3.9
3.9
3.9
8.7
8.7
8.7
8.7
8.7
6.1
6.1
6.1
6.1
6.1
8.9
8.9
8.9
8.9
8.9
6.9
6.9
6.9
6.9
6.9
6.9
7.0
7.0
7.0
7.0
7.0
7.3
7.3
7.3
7.3
7.3
4.8
4.8
4.8
4.8
4.8
7.3
7.3
7.3
7.3
7.3
4.1
4.1
4.1
4.1
4.1
3.5
3.5
3.5
3.5
3.5
0.5
0.5
0.5
0.5
0.5
5.3
5.3
5.3
5.3
5.3
20.6
20.6
20.6
20.6
20.6
10.9
10.9
10.9
10.9
10.9
2.2
2.2
2.2
2.2
2.2
1.3
1.3
1.3
1.3
1.3
3.5
3.5
3.5
3.5
3.5
0.4
0.4
0.4
0.4
0.4
2.5
2.5
