2372
2372
268
414
181
405
217
202
232
307
185
233
200
179
201
196
230
173
384
209
160
188
200
199
172
253
177
174
173
282
382
196
156
171
178
230
200
259
195
255
240
176
173
192
232
196
235
305
206
199
224
238
201
171
164
211
250
233
207
241
178
188
204
144
198
151
147
246
181
214
194
218
173
236
205
169
164
196
179
183
211
138
159
152
160
176
185
198
216
228
194
185
146
247
215
190
165
270
239
177
184
166
183
179
176
166
173
182
176
172
159
169
218
252
203
209
186
158
276
194
200
201
188
177
137
153
153
222
205
167
161
187
226
201
144
196
226
267
147
191
182
160
150
168
139
157
198
152
187
151
172
213
171
148
149
160
193
154
163
152
175
176
196
153
201
145
137
211
214
195
166
156
149
194
156
241
215
158
176
139
163
156
199
186
185
192
169
199
143
175
196
172
199
151
156
170
237
173
159
191
169
150
192
183
201
172
209
196
187
159
167
228
216
169
202
265
158
195
179
151
200
178
188
272
203
155
168
202
204
157
251
140
177
410
174
203
235
143
170
327
196
193
155
172
165
156
226
188
239
305
219
168
203
174
154
253
222
258
180
176
199
159
146
164
142
189
189
146
156
189
195
248
194
213
227
208
144
172
193
148
162
177
166
159
174
177
188
202
146
231
162
165
205
219
186
240
199
191
150
190
209
306
169
151
232
173
145
170
176
193
292
168
151
231
145
167
168
152
179
179
173
184
234
154
159
175
197
180
155
187
172
143
186
164
161
142
256
176
176
162
156
184
187
190
217
169
148
190
158
225
179
197
167
233
250
141
187
176
171
148
201
182
132
237
227
164
223
195
202
138
282
170
183
156
204
175
182
222
169
263
178
146
166
403
158
164
166
207
245
198
193
234
313
197
182
165
211
182
174
179
