0.0
0.0
0.0
0.0
0.0
5.0
5.0
5.0
5.0
5.0
5.0
1.9
1.9
1.9
1.9
1.9
2.2
2.2
2.2
2.2
2.2
4.2
4.2
4.2
4.2
4.2
2.6
2.6
2.6
2.6
2.6
2.7
2.7
2.7
2.7
2.7
8.3
8.3
8.3
8.3
8.3
14.3
14.3
14.3
14.3
14.3
9.1
9.1
9.1
9.1
9.1
5.7
5.7
5.7
5.7
5.7
6.9
6.9
6.9
6.9
6.9
7.4
7.4
7.4
7.4
7.4
3.8
3.8
3.8
3.8
3.8
7.7
7.7
7.7
7.7
7.7
7.8
7.8
7.8
7.8
7.8
7.7
7.7
7.7
7.7
7.7
7.4
7.4
7.4
7.4
7.4
7.7
7.7
7.7
7.7
7.7
9.2
9.2
9.2
9.2
9.2
8.3
8.3
8.3
8.3
8.3
8.1
8.1
8.1
8.1
8.1
4.1
4.1
4.1
4.1
4.1
4.9
4.9
4.9
4.9
4.9
5.7
5.7
5.7
5.7
5.7
7.3
7.3
7.3
7.3
7.3
9.9
9.9
9.9
9.9
9.9
9.1
9.1
9.1
9.1
9.1
7.4
7.4
7.4
7.4
7.4
9.1
9.1
9.1
9.1
9.1
10.8
10.8
10.8
10.8
10.8
9.7
9.7
9.7
9.7
9.7
5.3
5.3
5.3
5.3
5.3
8.6
8.6
8.6
8.6
8.6
7.2
7.2
7.2
7.2
7.2
5.9
5.9
5.9
5.9
5.9
7.2
7.2
7.2
7.2
7.2
8.4
8.4
8.4
8.4
8.4
4.8
4.8
4.8
4.8
4.8
4.8
6.7
6.7
6.7
6.7
6.7
4.1
4.1
4.1
4.1
4.1
4.4
4.4
4.4
4.4
4.4
7.3
7.3
7.3
7.3
7.3
8.8
8.8
8.8
8.8
8.8
7.9
7.9
7.9
7.9
7.9
6.5
6.5
6.5
6.5
6.5
4.9
4.9
4.9
4.9
4.9
4.4
4.4
4.4
4.4
4.4
6.1
6.1
6.1
6.1
6.1
4.8
4.8
4.8
4.8
4.8
3.7
3.7
3.7
3.7
3.7
5.0
5.0
5.0
5.0
5.0
6.5
6.5
6.5
6.5
6.5
6.9
6.9
6.9
6.9
6.9
6.4
6.4
6.4
6.4
6.4
8.9
8.9
8.9
8.9
8.9
6.4
6.4
6.4
6.4
6.4
10.3
10.3
10.3
10.3
10.3
5.7
5.7
5.7
5.7
5.7
6.7
6.7
6.7
6.7
6.7
5.4
5.4
5.4
5.4
5.4
7.4
7.4
7.4
7.4
7.4
7.1
7.1
7.1
7.1
7.1
5.3
5.3
5.3
5.3
5.3
5.9
5.9
5.9
5.9
5.9
4.6
4.6
4.6
4.6
4.6
12.5
12.5
12.5
12.5
12.5
32.7
32.7
32.7
32.7
32.7
29.3
29.3
29.3
29.3
29.3
18.6
18.6
18.6
18.6
18.6
15.9
15.9
15.9
15.9
15.9
14.0
14.0
14.0
14.0
14.0
9.3
9.3
9.3
9.3
9.3
5.8
5.8
5.8
5.8
5.8
6.1
6.1
6.1
6.1
6.1
4.8
4.8
4.8
4.8
4.8
10.7
10.7
10.7
10.7
10.7
4.5
4.5
4.5
4.5
4.5
10.2
10.2
10.2
10.2
10.2
7.3
7.3
7.3
7.3
7.3
6.5
6.5
6.5
6.5
6.5
9.2
9.2
9.2
9.2
9.2
6.0
6.0
6.0
6.0
6.0
4.1
4.1
4.1
4.1
4.1
7.5
7.5
7.5
7.5
7.5
6.6
6.6
6.6
6.6
6.6
6.6
6.6
6.6
6.6
6.6
6.6
5.8
5.8
5.8
5.8
5.8
6.8
6.8
6.8
6.8
6.8
12.3
12.3
12.3
12.3
12.3
4.0
4.0
4.0
4.0
4.0
4.0
1.7
1.7
1.7
1.7
1.7
2.9
2.9
2.9
2.9
2.9
0.3
0.3
0.3
0.3
0.3
3.1
3.1
3.1
3.1
3.1
1.6
1.6
1.6
1.6
1.6
