2645
2653
284
392
218
226
146
157
157
180
208
163
153
148
167
229
173
181
270
214
184
186
162
274
245
253
215
558
327
331
215
249
231
199
167
156
280
191
177
182
227
231
219
201
188
243
184
212
154
344
168
168
175
245
175
173
205
232
275
169
250
161
192
208
214
211
210
210
182
219
207
160
189
217
213
161
172
267
186
453
166
156
271
147
153
143
164
269
231
170
261
175
214
230
185
179
205
171
164
187
206
158
181
208
194
178
210
167
185
159
156
176
245
202
161
173
174
285
166
325
292
185
189
187
177
216
256
196
211
251
234
171
169
135
193
204
249
147
179
199
190
214
139
286
230
284
369
274
190
236
178
172
163
240
231
169
149
236
172
136
167
182
207
180
182
228
215
217
188
150
148
151
173
173
175
284
155
161
213
176
218
206
227
176
187
150
160
198
193
209
187
171
150
159
199
145
159
201
174
183
216
163
217
175
249
183
201
206
160
280
180
166
181
248
206
313
202
150
154
144
177
316
169
173
135
175
188
196
244
179
172
179
171
175
274
235
264
308
167
303
243
189
160
150
176
183
172
207
190
144
206
289
194
187
151
216
201
186
150
160
143
165
162
189
256
182
229
159
176
199
150
209
195
141
158
249
159
209
284
167
167
160
185
170
153
185
223
164
260
150
150
246
141
150
308
331
197
173
169
188
220
187
158
156
142
176
152
158
204
240
212
157
174
186
185
157
162
282
187
272
171
192
268
228
196
166
316
165
147
215
216
150
203
201
143
142
140
189
249
150
165
150
199
173
196
168
159
196
177
155
163
192
177
151
238
266
152
152
144
175
168
160
170
166
154
172
199
155
210
238
157
155
149
198
212
191
153
152
165
178
149
163
213
182
247
158
168
155
162
177
195
153
174
155
250
142
233
186
156
237
