2632
2640
468
461
268
292
223
190
180
205
214
246
214
248
202
238
200
162
196
222
152
266
195
230
198
185
171
186
181
157
190
199
213
328
183
162
191
232
156
216
170
179
233
171
215
181
276
213
203
161
155
187
190
154
305
137
137
166
235
202
177
195
220
208
204
161
173
154
232
161
165
154
191
154
146
179
200
170
192
151
225
177
170
166
151
184
212
157
213
154
137
148
177
166
167
332
258
192
201
153
183
164
233
242
159
206
186
175
181
170
177
229
148
224
190
149
176
259
178
259
243
206
221
162
234
178
177
244
129
165
155
234
160
171
197
177
165
158
245
210
225
235
272
174
268
158
173
231
195
150
148
224
170
184
195
177
190
183
164
155
159
180
158
180
167
175
179
182
166
270
219
156
207
161
234
173
160
144
200
200
148
154
191
158
245
270
191
188
149
194
198
269
199
150
237
186
144
159
150
171
148
145
228
160
258
228
195
203
262
178
238
175
339
158
246
176
176
192
248
183
202
161
200
168
171
186
157
230
226
159
214
159
170
160
177
201
187
163
233
271
294
189
249
169
191
160
217
202
174
169
192
190
150
156
268
309
205
223
210
211
207
220
185
245
216
175
196
220
157
201
161
181
177
217
147
149
177
147
155
275
150
148
161
222
177
152
286
253
257
217
230
316
263
257
345
244
230
311
180
258
273
224
166
183
144
166
249
226
162
164
151
164
181
190
138
184
191
169
207
234
150
182
206
173
153
174
171
242
145
184
177
197
188
171
139
234
204
230
174
222
268
185
152
155
145
180
176
146
177
201
191
135
158
150
196
200
211
186
184
224
150
186
166
174
178
200
167
169
195
142
172
153
175
204
172
200
211
207
169
190
185
172
174
179
204
236
139
159
177
210
180
193
200
169
209
188
296
196
223
178
