0.0
0.0
0.0
0.0
0.0
1.9
1.9
1.9
1.9
1.9
5.2
5.2
5.2
5.2
5.2
1.9
1.9
1.9
1.9
1.9
5.0
5.0
5.0
5.0
5.0
6.7
6.7
6.7
6.7
6.7
15.6
15.6
15.6
15.6
15.6
10.3
10.3
10.3
10.3
10.3
6.4
6.4
6.4
6.4
6.4
8.6
8.6
8.6
8.6
8.6
7.6
7.6
7.6
7.6
7.6
10.2
10.2
10.2
10.2
10.2
5.9
5.9
5.9
5.9
5.9
8.9
8.9
8.9
8.9
8.9
6.9
6.9
6.9
6.9
6.9
4.5
4.5
4.5
4.5
4.5
9.7
9.7
9.7
9.7
9.7
7.5
7.5
7.5
7.5
7.5
10.2
10.2
10.2
10.2
10.2
6.8
6.8
6.8
6.8
6.8
8.1
8.1
8.1
8.1
8.1
8.9
8.9
8.9
8.9
8.9
8.8
8.8
8.8
8.8
8.8
5.3
5.3
5.3
5.3
5.3
3.9
3.9
3.9
3.9
3.9
11.7
11.7
11.7
11.7
11.7
6.7
6.7
6.7
6.7
6.7
8.3
8.3
8.3
8.3
8.3
7.2
7.2
7.2
7.2
7.2
6.6
6.6
6.6
6.6
6.6
6.6
6.6
6.6
6.6
6.6
5.8
5.8
5.8
5.8
5.8
7.8
7.8
7.8
7.8
7.8
5.8
5.8
5.8
5.8
5.8
9.0
9.0
9.0
9.0
9.0
4.6
4.6
4.6
4.6
4.6
4.8
4.8
4.8
4.8
4.8
9.1
9.1
9.1
9.1
9.1
5.7
5.7
5.7
5.7
5.7
9.6
9.6
9.6
9.6
9.6
5.2
5.2
5.2
5.2
5.2
5.2
7.9
7.9
7.9
7.9
7.9
4.6
4.6
4.6
4.6
4.6
6.0
6.0
6.0
6.0
6.0
7.4
7.4
7.4
7.4
7.4
7.6
7.6
7.6
7.6
7.6
7.4
7.4
7.4
7.4
7.4
2.0
2.0
2.0
2.0
2.0
7.1
7.1
7.1
7.1
7.1
5.6
5.6
5.6
5.6
5.6
7.6
7.6
7.6
7.6
7.6
7.6
7.6
7.6
7.6
7.6
6.6
6.6
6.6
6.6
6.6
6.7
6.7
6.7
6.7
6.7
9.1
9.1
9.1
9.1
9.1
5.0
5.0
5.0
5.0
5.0
5.0
7.1
7.1
7.1
7.1
7.1
4.1
4.1
4.1
4.1
4.1
5.7
5.7
5.7
5.7
5.7
4.1
4.1
4.1
4.1
4.1
6.7
6.7
6.7
6.7
6.7
5.6
5.6
5.6
5.6
5.6
5.6
5.6
5.6
5.6
5.6
8.8
8.8
8.8
8.8
8.8
5.6
5.6
5.6
5.6
5.6
7.2
7.2
7.2
7.2
7.2
5.5
5.5
5.5
5.5
5.5
7.4
7.4
7.4
7.4
7.4
5.7
5.7
5.7
5.7
5.7
5.8
5.8
5.8
5.8
5.8
5.8
6.8
6.8
6.8
6.8
6.8
5.1
5.1
5.1
5.1
5.1
2.7
2.7
2.7
2.7
2.7
5.3
5.3
5.3
5.3
5.3
7.0
7.0
7.0
7.0
7.0
6.0
6.0
6.0
6.0
6.0
4.0
4.0
4.0
4.0
4.0
5.8
5.8
5.8
5.8
5.8
5.8
5.5
5.5
5.5
5.5
5.5
9.6
9.6
9.6
9.6
9.6
5.7
5.7
5.7
5.7
5.7
10.9
10.9
10.9
10.9
10.9
3.6
3.6
3.6
3.6
3.6
12.1
12.1
12.1
12.1
12.1
6.5
6.5
6.5
6.5
6.5
13.8
13.8
13.8
13.8
13.8
4.7
4.7
4.7
4.7
4.7
0.0
0.0
0.0
0.0
0.0
1.6
1.6
1.6
1.6
1.6
1.6
3.1
3.1
3.1
3.1
3.1
0.0
0.0
0.0
0.0
0.0
0.3
0.3
0.3
0.3
0.3
0.3
0.3
0.3
0.3
0.3
1.3
1.3
1.3
1.3
1.3
0.3
0.3
0.3
0.3
0.3
0.0
0.0
0.0
0.0
0.0
0.1
0.1
0.1
0.1
0.1
1.2
1.2
1.2
1.2
1.2
1.2
0.0
0.0
0.0
0.0
0.0
0.0
0.0
0.0
0.0
0.0
0.0
1.1
1.1
1.1
1.1
1.1
1.2
1.2
1.2
1.2
1.2
1.2
0.0
0.0
0.0
0.0
0.0
0.1
0.1
0.1
0.1
0.1
0.4
0.4
0.4
0.4
0.4
0.0
0.0
0.0
0.0
0.0
0.1
0.1
0.1
0.1
0.1
0.1
0.1
0.1
0.1
0.1
1.7
1.7
1.7
1.7
1.7
0.0
0.0
0.0
0.0
0.0
0.0
0.0
0.0
0.0
0.0
0.7
0.7
0.7
0.7
0.7
0.2
0.2
0.2
0.2
0.2
0.2
0.0
0.0
0.0
0.0
0.0
0.4
0.4
0.4
0.4
0.4
0.4
3.0
3.0
3.0
3.0
3.0
0.0
0.0
0.0
0.0
0.0
0.0
0.0
0.0
0.0
0.0
0.6
0.6
0.6
0.6
0.6
0.6
0.0
0.0
0.0
0.0
0.0
1.3
1.3
1.3
1.3
1.3
0.0
0.0
0.0
0.0
0.0
0.8
0.8
0.8
0.8
0.8
0.8
0.0
0.0
0.0
0.0
0.0
0.0
0.0
0.0
0.0
0.0
0.0
2.4
2.4
2.4
2.4
2.4
1.0
1.0
1.0
1.0
1.0
0.0
0.0
0.0
0.0
0.0
2.1
2.1
2.1
2.1
2.1
1.9
1.9
1.9
1.9
1.9
1.6
1.6
1.6
1.6
