2364
2376
352
411
190
229
173
254
239
226
196
220
208
171
176
230
337
167
188
162
172
215
181
174
219
165
179
167
173
153
180
235
168
177
173
173
148
179
188
187
282
248
179
361
271
143
182
140
186
186
152
169
169
198
190
237
175
175
172
160
177
209
146
199
196
196
216
144
174
174
169
154
149
199
225
185
174
147
145
167
172
180
157
195
217
213
224
153
158
174
189
184
152
228
277
164
162
156
146
155
152
196
180
246
265
175
192
226
163
176
242
179
289
217
183
156
195
172
189
145
264
179
171
153
163
170
159
169
136
207
162
147
155
170
166
204
154
168
209
145
225
151
168
156
190
197
149
196
191
280
134
178
168
158
164
157
173
252
230
180
169
230
238
190
170
145
149
401
209
155
163
151
163
153
143
175
209
177
168
196
227
227
205
181
190
154
284
160
157
170
196
175
195
150
154
199
153
167
175
133
166
174
150
165
170
172
200
174
216
196
161
153
301
143
216
181
223
144
144
149
201
144
325
147
176
173
136
288
165
192
146
208
274
179
165
166
187
145
160
177
227
148
223
141
428
150
177
174
137
151
183
166
147
206
227
210
244
223
221
242
197
204
181
207
219
256
341
297
174
208
184
171
192
166
212
220
227
194
259
156
183
235
159
155
152
299
175
174
167
183
177
172
206
146
231
154
168
173
220
204
142
160
241
190
207
170
340
165
206
233
174
238
149
219
177
197
197
147
184
177
145
199
163
154
172
200
172
251
149
199
140
197
178
173
148
178
155
168
200
170
310
169
150
156
167
176
221
199
261
178
171
210
180
203
174
241
349
271
156
153
196
174
176
245
215
272
169
231
286
206
222
169
176
176
162
309
275
200
248
166
149
199
171
192
195
191
198
247
193
156
159
178
277
164
168
165
178
195
166
148
