2820
2820
261
370
223
201
229
181
203
230
196
246
199
154
244
239
185
186
218
271
167
175
191
247
177
173
189
238
296
209
184
264
233
232
264
248
226
225
195
172
195
225
221
171
242
251
182
183
215
215
186
221
148
162
174
186
199
180
183
200
175
199
206
243
155
183
207
168
219
164
183
234
274
156
215
300
232
193
232
198
156
193
202
154
136
236
186
182
181
261
146
228
165
215
248
250
180
221
172
216
257
155
152
168
229
157
157
262
204
312
356
275
165
268
155
150
156
220
149
196
201
179
227
201
328
164
271
203
180
163
191
200
172
155
170
151
160
174
253
208
278
224
149
155
213
155
184
158
215
169
158
205
195
158
157
185
243
161
287
151
215
161
175
151
191
174
196
198
141
171
183
159
199
150
195
226
206
185
254
191
240
187
141
190
180
143
155
161
328
178
299
168
168
201
257
227
231
232
221
173
186
197
147
170
145
160
213
209
187
151
172
200
205
220
176
145
158
202
193
170
174
158
209
167
235
151
150
149
197
219
156
207
211
167
176
252
149
139
170
238
183
173
160
161
251
199
190
206
183
301
221
176
152
195
189
156
184
234
166
174
185
171
172
179
183
162
178
226
216
149
182
157
289
195
193
227
147
220
178
152
152
186
299
229
272
149
198
143
220
148
201
216
174
184
183
177
188
191
225
169
232
235
165
175
158
164
150
176
169
212
206
202
191
208
186
149
166
145
165
173
219
222
235
191
166
163
221
286
178
172
351
172
183
200
196
181
148
169
207
180
213
196
173
167
169
174
180
197
200
153
162
155
148
186
153
145
135
210
220
176
263
163
138
262
191
168
170
156
199
196
204
163
173
151
297
153
251
176
205
194
169
169
149
303
192
192
134
255
143
179
204
173
170
182
181
149
292
149
180
162
