0.0
0.0
0.0
0.0
0.0
11.4
11.4
11.4
11.4
11.4
4.1
4.1
4.1
4.1
4.1
0.7
0.7
0.7
0.7
0.7
6.5
6.5
6.5
6.5
6.5
4.5
4.5
4.5
4.5
4.5
4.2
4.2
4.2
4.2
4.2
9.5
9.5
9.5
9.5
9.5
15.6
15.6
15.6
15.6
15.6
5.8
5.8
5.8
5.8
5.8
7.3
7.3
7.3
7.3
7.3
7.2
7.2
7.2
7.2
7.2
5.8
5.8
5.8
5.8
5.8
8.2
8.2
8.2
8.2
8.2
13.9
13.9
13.9
13.9
13.9
7.1
7.1
7.1
7.1
7.1
7.3
7.3
7.3
7.3
7.3
7.2
7.2
7.2
7.2
7.2
7.7
7.7
7.7
7.7
7.7
14.0
14.0
14.0
14.0
14.0
11.7
11.7
11.7
5.2
5.2
5.2
5.2
5.2
6.2
6.2
6.2
6.2
6.2
4.5
4.5
4.5
4.5
4.5
7.3
7.3
7.3
7.3
7.3
6.3
6.3
6.3
6.3
6.3
6.9
6.9
6.9
6.9
6.9
4.2
4.2
4.2
4.2
4.2
9.3
9.3
9.3
9.3
9.3
6.5
6.5
6.5
6.5
6.5
6.4
6.4
6.4
6.4
6.4
5.7
5.7
5.7
5.7
5.7
5.5
5.5
5.5
5.5
5.5
5.7
5.7
5.7
5.7
5.7
6.9
6.9
6.9
6.9
6.9
6.5
6.5
6.5
6.5
6.5
3.8
3.8
3.8
3.8
3.8
5.8
5.8
5.8
5.8
5.8
6.0
6.0
6.0
6.0
6.0
7.4
7.4
7.4
7.4
7.4
4.7
4.7
4.7
4.7
4.7
4.5
4.5
4.5
4.5
4.5
4.8
4.8
4.8
4.8
4.8
8.3
8.3
8.3
8.3
8.3
7.7
7.7
7.7
7.7
7.7
5.9
5.9
5.9
5.9
5.9
5.2
5.2
5.2
5.2
5.2
6.0
6.0
6.0
6.0
6.0
6.7
6.7
6.7
6.7
6.7
4.8
4.8
4.8
4.8
4.8
5.4
5.4
5.4
5.4
5.4
8.5
8.5
8.5
8.5
8.5
6.1
6.1
6.1
6.1
6.1
8.2
8.2
8.2
8.2
8.2
5.9
5.9
5.9
5.9
5.9
5.2
5.2
5.2
5.2
5.2
7.6
7.6
7.6
7.6
7.6
5.0
5.0
5.0
5.0
5.0
4.7
4.7
4.7
4.7
4.7
7.6
7.6
7.6
7.6
7.6
5.3
5.3
5.3
5.3
5.3
3.9
3.9
3.9
3.9
3.9
7.9
7.9
7.9
7.9
7.9
5.3
5.3
5.3
5.3
5.3
5.3
6.4
6.4
6.4
6.4
6.4
2.5
2.5
2.5
2.5
2.5
7.7
7.7
7.7
7.7
7.7
5.7
5.7
5.7
5.7
5.7
9.2
9.2
9.2
9.2
9.2
3.3
3.3
3.3
3.3
3.3
5.9
5.9
5.9
5.9
5.9
6.3
6.3
6.3
6.3
6.3
3.7
3.7
3.7
3.7
3.7
3.9
3.9
3.9
3.9
3.9
6.8
6.8
6.8
6.8
6.8
5.6
5.6
5.6
5.6
5.6
5.0
5.0
5.0
5.0
5.0
5.0
6.4
6.4
6.4
6.4
6.4
5.8
5.8
5.8
5.8
5.8
6.7
6.7
6.7
6.7
6.7
6.7
6.7
6.7
6.7
6.7
4.3
4.3
4.3
4.3
4.3
5.4
5.4
5.4
5.4
5.4
5.7
5.7
5.7
5.7
5.7
2.3
2.3
2.3
2.3
2.3
5.2
5.2
5.2
5.2
5.2
9.3
9.3
9.3
9.3
9.3
9.3
4.1
4.1
4.1
4.1
4.1
4.1
0.0
0.0
0.0
0.0
0.0
0.0
1.1
1.1
1.1
1.1
1.1
1.1
0.4
0.4
0.4
0.4
0.4
4.0
4.0
4.0
4.0
4.0
4.0
1.4
1.4
1.4
1.4
1.4
0.5
