2728
2728
349
368
188
304
169
183
194
166
155
236
188
154
201
224
247
213
205
195
277
157
180
200
182
222
212
161
173
207
173
175
197
168
247
152
184
296
173
218
181
155
175
199
175
174
180
165
146
162
174
177
140
152
215
200
221
326
228
194
145
185
219
173
208
196
306
226
234
149
156
174
227
173
171
244
164
164
182
215
147
164
183
158
150
251
188
164
179
208
185
165
240
142
157
147
187
142
145
153
202
141
147
172
216
170
159
155
188
165
158
153
212
142
196
228
203
148
144
170
144
198
190
271
242
191
148
274
203
188
192
175
153
197
180
141
207
173
209
168
198
200
147
155
155
218
208
176
159
156
150
151
152
166
235
152
177
269
139
207
152
200
227
156
245
276
184
266
143
191
209
163
157
172
144
160
149
165
158
187
194
276
223
197
201
160
176
217
189
215
158
177
286
160
225
179
228
232
146
154
174
248
349
273
216
218
187
158
148
200
278
141
195
142
176
231
168
141
164
186
235
238
159
167
255
182
153
222
195
175
214
192
183
168
172
201
159
214
160
172
166
208
145
146
183
255
242
164
195
190
158
154
195
171
170
334
175
224
184
175
208
251
207
302
152
143
302
200
254
174
180
163
175
160
174
178
179
177
194
148
195
194
164
175
203
176
145
144
154
161
255
144
184
144
159
193
181
157
210
247
206
156
178
262
374
204
168
164
138
155
165
166
138
206
206
150
153
154
209
159
191
148
158
273
147
279
196
148
202
167
167
142
263
151
176
180
181
165
171
223
157
178
156
204
170
137
152
145
154
200
186
170
221
181
172
159
161
208
210
163
138
152
180
284
227
270
223
202
221
146
180
157
139
173
187
155
178
193
226
152
199
167
150
202
170
244
249
208
155
159
198
168
196
186
157
186
295
162
203
212
