2446
2447
274
318
179
235
179
199
195
159
175
166
216
225
171
224
179
173
164
198
258
231
221
180
187
255
198
203
172
189
174
220
166
173
206
214
227
158
223
156
218
240
181
296
163
227
238
225
212
180
171
200
245
149
178
191
163
179
343
379
228
180
172
175
217
180
199
280
244
248
168
168
158
173
205
274
177
175
194
198
154
143
137
201
167
184
153
157
174
208
180
247
176
219
172
179
148
194
174
231
172
234
322
240
212
212
150
147
221
169
166
157
176
194
324
187
147
149
163
282
169
239
147
188
180
286
218
179
249
210
222
188
236
202
178
208
228
313
292
151
203
268
336
285
261
217
221
185
185
151
167
187
278
149
178
198
210
187
171
219
251
171
152
189
151
252
220
221
178
173
155
146
229
222
249
156
143
195
181
211
211
211
183
187
172
158
180
168
213
248
217
262
191
242
165
150
257
263
220
176
183
169
181
150
171
135
160
159
184
155
210
214
146
160
229
162
154
195
178
146
202
191
208
232
194
226
250
156
224
169
214
223
184
227
241
239
161
150
180
163
145
159
174
272
151
224
267
177
159
157
169
219
168
221
199
170
180
186
223
248
175
160
228
168
155
226
182
154
346
163
148
196
156
160
163
195
193
224
158
166
195
170
272
165
197
165
153
198
188
185
237
168
193
244
209
181
180
230
151
152
164
173
181
162
231
178
167
167
202
156
298
197
234
223
157
148
198
172
225
174
178
138
165
200
153
160
170
172
147
146
203
173
253
172
194
147
168
133
137
176
150
158
141
156
163
212
222
156
249
147
155
218
266
180
133
152
182
155
158
190
157
163
211
191
180
214
163
202
206
232
285
180
198
209
158
192
145
165
182
181
167
173
194
165
170
244
207
172
158
180
150
196
182
189
202
163
171
161
136
252
