2843
2845
263
430
200
364
179
190
161
200
231
361
152
226
173
216
216
195
217
158
204
169
195
243
198
175
152
202
245
165
205
218
202
174
209
212
176
202
240
232
174
224
249
262
224
152
251
234
147
163
178
228
195
217
220
149
218
172
181
166
183
225
189
227
202
205
229
222
150
198
187
221
265
176
217
201
177
252
196
318
172
187
220
214
163
298
240
178
152
186
161
161
180
197
253
182
165
163
179
181
173
148
231
279
304
164
161
202
202
221
153
160
162
206
156
234
210
147
156
193
185
173
207
195
288
195
274
197
202
206
173
222
169
174
191
155
186
198
229
172
210
200
281
214
186
182
259
196
186
179
150
199
188
201
134
205
201
298
165
172
171
159
203
156
188
239
203
160
186
224
193
208
142
152
195
154
147
174
232
149
293
155
170
265
149
259
178
262
271
178
189
206
210
179
224
166
170
184
244
165
229
219
152
153
190
247
225
165
165
179
190
135
160
386
199
214
222
205
229
219
187
173
350
152
247
169
165
209
289
163
168
181
217
183
182
205
201
191
251
233
148
156
148
190
147
157
147
180
190
161
162
168
271
216
203
161
154
257
153
137
249
195
153
168
179
280
162
170
201
175
230
184
198
168
215
169
219
169
184
246
139
170
134
206
172
170
167
168
238
150
181
176
194
205
218
174
191
167
212
190
178
165
153
149
172
211
233
256
150
155
178
325
182
191
200
158
208
149
151
196
141
157
182
222
229
157
197
273
161
167
174
272
173
150
152
195
217
171
241
181
184
156
265
174
187
172
316
260
174
169
233
218
250
147
238
162
241
202
210
157
181
147
159
216
202
201
183
230
164
168
142
152
151
190
198
186
163
145
148
276
164
202
162
169
188
163
135
209
187
228
198
210
200
274
209
182
186
169
271
274
